vp=[1,5,10,20,40,60,100,200,400,760];
T=[-36.7, -19.6, -11.5, -2.6, 7.6, 15.4, 26.1, 42.2, 60.6, 80.1];